1.103396320319664607e-02 1.181938394828236103e+08
1.331570559070286222e-02 7.412282064956045151e+07
1.606929551178017807e-02 4.595605334617423266e+07
1.939230756387491650e-02 2.809002064977037907e+07
2.340249405309863251e-02 1.698352129129331931e+07
2.824195759588508936e-02 1.021251187527542934e+07
3.408218658396210826e-02 6.119948378170290962e+06
4.113013194642192033e-02 3.641108492368226405e+06
4.963554054146651628e-02 2.128441740149876103e+06
5.989980503959684011e-02 1.234068500599462306e+06
7.228664389751603137e-02 7.167011058196631493e+05
8.723498987203817667e-02 4.095921231731074513e+05
1.052745437838220333e-01 2.377655074871291872e+05
1.270445446849792215e-01 1.401949498485600052e+05
1.533164215592071888e-01 7.906330779747034831e+04
1.850211292268081065e-01 4.520912799754593289e+04
2.232821371136902711e-01 2.613827466320752865e+04
2.694552398550229544e-01 1.501729099626366406e+04
3.251766004387469100e-01 8.606535636543985675e+03
3.924207283175953354e-01 4.850103353933611288e+03
4.735704469679995476e-01 2.778001725143536078e+03
5.715013302252591743e-01 1.582041756160108434e+03
6.896835994314292062e-01 9.075450560388876511e+02
8.323050921634916888e-01 5.018137981428738499e+02
1.004419659989540081e+00 2.739540448237826240e+02
1.212126253788833319e+00 1.539229355649681850e+02
1.462785042598082841e+00 8.335588759692838323e+01
1.765278224244653194e+00 3.899121633887345695e+01
2.130324769699310838e+00 5.572902026331459702e+00
2.570860254244799581e+00 0.000000000000000000e+00
3.102495234934776747e+00 0.000000000000000000e+00
3.744068417137874860e+00 0.000000000000000000e+00
4.518314211852128004e+00 0.000000000000000000e+00
5.452668338959238525e+00 0.000000000000000000e+00
6.580240023303078445e+00 0.000000000000000000e+00
7.940985233762517304e+00 0.000000000000000000e+00
9.583122539530187112e+00 0.000000000000000000e+00
1.156484175504990475e+01 0.000000000000000000e+00
1.395636592015263133e+01 0.000000000000000000e+00
1.684243968250973467e+01 0.000000000000000000e+00
2.032533225926453824e+01 0.000000000000000000e+00
2.452846138902959439e+01 0.000000000000000000e+00
2.960076669048683939e+01 0.000000000000000000e+00
3.572198739936126088e+01 0.000000000000000000e+00
4.310903150256001481e+01 0.000000000000000000e+00
5.202366196237841223e+01 0.000000000000000000e+00
6.278177239530645437e+01 0.000000000000000000e+00
7.576458089294921194e+01 0.000000000000000000e+00
9.143213864273420199e+01 0.000000000000000000e+00
