3.357270077392521517e-03 1.808347075360607778e+04
3.771302163133021228e-03 0.000000000000000000e+00
4.236394355469344161e-03 0.000000000000000000e+00
4.758843592671174738e-03 1.269890660719652806e+04
5.345723376831030063e-03 0.000000000000000000e+00
6.004979542846750756e-03 1.580068935631749810e+04
6.745537838021163982e-03 1.114707397818957725e+04
7.577424768811818166e-03 4.718424195545028851e+03
8.511903350889287595e-03 6.657509983536342588e+03
9.561625600440142730e-03 1.565580560516151536e+03
1.074080383131237326e-02 3.313458406783679038e+03
1.206540307721566153e-02 2.727175969542221083e+03
1.355335724420339907e-02 1.649116056999663897e+03
1.522481191995052850e-02 1.551225035941924716e+03
1.710239712725077424e-02 1.231153421400870911e+03
1.921153371457516579e-02 2.316145067239477157e+03
2.158077753194991705e-02 1.021246598270037225e+03
2.424220605199158690e-02 8.165318576127533561e+02
2.723185267060752868e-02 7.454726964056527549e+02
3.059019456741032122e-02 9.562113638509528073e+02
3.436270073104590733e-02 7.926411513596592613e+02
3.860044756921549719e-02 6.662721086515674642e+02
4.336081043820804587e-02 3.861057652453460491e+02
4.870824045464360735e-02 3.671343269124963058e+02
5.471513710677376741e-02 3.174912378005289497e+02
6.146282847972682484e-02 2.770325846031581136e+02
6.904267236608349623e-02 2.287075670003189316e+02
7.755729316984950883e-02 2.024192370518819928e+02
8.712197135041457874e-02 1.603944157243236361e+02
9.786620421834385519e-02 1.292158118439116379e+02
1.099354592148012871e-01 9.785450933095150106e+01
1.234931434124620087e-01 7.957125466355316235e+01
1.387228159032207753e-01 6.613275962873946412e+01
1.558306730264744089e-01 5.913294936429218041e+01
1.750483400857795191e-01 4.924407014572415875e+01
1.966360073512672113e-01 3.987082400906421498e+01
2.208859528065224564e-01 3.308065171174720831e+01
2.481264993348169801e-01 2.795154201092769597e+01
2.787264599215064642e-01 2.262658715824656142e+01
3.131001310567153029e-01 1.973032094139555781e+01
3.517129019445782157e-01 1.538206287747686574e+01
3.950875554627890640e-01 1.272693991852696982e+01
4.438113461818903871e-01 1.051287346386598109e+01
4.985439512744486712e-01 9.205891940180613631e+00
5.600264019624145995e-01 7.207536490933046380e+00
6.290911164265934330e-01 5.936817805198791653e+00
7.066731700149708750e-01 4.737053453507661160e+00
7.938229553385844905e-01 3.815207658096682053e+00
8.917204036614755358e-01 3.067927153647607597e+00
1.001690960129802965e+00 2.547669847151004863e+00
1.125223529130642497e+00 1.995219609719635967e+00
1.263990632744802500e+00 1.636990271061679048e+00
1.419871055221340717e+00 1.289690076993970314e+00
1.594975280060003442e+00 1.013400144366004341e+00
1.791674064097261265e+00 7.980988044347712140e-01
2.012630535463868497e+00 6.170977361051679377e-01
2.260836249992000280e+00 4.779259923404444721e-01
2.539651694243933111e+00 3.718407246924375631e-01
2.852851783537574182e+00 2.840468138728978187e-01
3.204676970971986893e+00 2.176048542023023280e-01
3.599890659424062722e+00 1.589431052676950618e-01
4.043843693824166863e+00 1.204199881150944534e-01
4.542546806879324883e+00 8.642128704001277029e-02
5.102751999095145763e+00 6.526380748641148755e-02
5.732043954910252204e+00 4.692887329837645144e-02
6.438942732637109145e+00 3.404811806777334471e-02
7.233019118540474857e+00 2.436024345218291975e-02
8.125024206846061858e+00 1.738341191206316944e-02
9.127034960078416859e+00 1.202874859776846897e-02
1.025261772048674125e+01 8.357785383526388986e-03
1.151701188635915329e+01 5.829061156862255788e-03
1.293733624004084604e+01 4.008318875910576139e-03
1.453282072115547408e+01 2.733931363890797911e-03
1.632506678303499825e+01 1.850408688686251690e-03
1.833833985735449446e+01 1.261265266380975133e-03
2.059989788668516297e+01 8.269396520646268541e-04
2.314036037300674664e+01 5.610789568820285936e-04
2.599412293877087521e+01 3.686362717686936350e-04
2.919982301330673380e+01 2.451411018730022110e-04
3.280086294955234649e+01 1.571972670797634221e-04
3.684599765365069857e+01 1.052772970122350260e-04
4.138999468339780208e+01 6.767003838118049793e-05
4.649437575269354994e+01 4.409742811329977645e-05
5.222824968131154577e+01 2.860743378789180940e-05
5.866924806739427112e+01 1.891128690290860189e-05
6.590457635085368793e+01 1.189526936630593676e-05
7.403219449814923792e+01 7.771256224394326078e-06
8.316214329387474891e+01 4.893530683721202234e-06
9.341803419597202662e+01 3.155994950701105729e-06
1.049387229258984888e+02 2.028121080121469109e-06
1.178801894526841068e+02 1.236544820907309818e-06
1.324176498242030391e+02 7.795225385908084749e-07
1.487479284379960234e+02 5.120970341107069685e-07
1.670921228700967447e+02 3.144832204632161419e-07
1.876985973412970168e+02 2.086162207098313420e-07
2.108463453497446665e+02 1.371731697484225208e-07
2.368487669969531737e+02 7.802609559810149216e-08
2.660579121488906935e+02 4.988645326623587845e-08
2.988692468808055764e+02 3.339960689777091706e-08
